           4          -1           0          -1           0           0           0           0           0
          -1           4          -1           0          -1           0           0           0           0
           0          -1           4           0           0          -1           0           0           0
          -1           0           0           4          -1           0          -1           0           0
           0          -1           0           -1          4          -1           0          -1           0
           0           0          -1           0          -1           4           0           0          -1
           0           0           0          -1           0           0           4          -1           0
           0           0           0           0          -1           0          -1           4          -1
           0           0           0           0           0          -1           0          -1           4

   2.0000000000000000        1.0000000000000000        1.0000000000000000        1.0000000000000000        1.0000000000000000        1.0000000000000000        1.0000000000000000        1.0000000000000000         2.0000000000000000         
