          10
   4.0000000000000000        1.0000000000000000        0.0000000000000000        0.0000000000000000        0.0000000000000000        0.0000000000000000        0.0000000000000000        0.0000000000000000        0.0000000000000000        0.0000000000000000     
   1.0000000000000000        4.0000000000000000        1.0000000000000000        0.0000000000000000        0.0000000000000000        0.0000000000000000        0.0000000000000000        0.0000000000000000        0.0000000000000000        0.0000000000000000     
   0.0000000000000000        1.0000000000000000        4.0000000000000000        1.0000000000000000        0.0000000000000000        0.0000000000000000        0.0000000000000000        0.0000000000000000        0.0000000000000000        0.0000000000000000     
   0.0000000000000000        0.0000000000000000        1.0000000000000000        4.0000000000000000        1.0000000000000000        0.0000000000000000        0.0000000000000000        0.0000000000000000        0.0000000000000000        0.0000000000000000     
   0.0000000000000000        0.0000000000000000        0.0000000000000000        1.0000000000000000        4.0000000000000000        1.0000000000000000        0.0000000000000000        0.0000000000000000        0.0000000000000000        0.0000000000000000     
   0.0000000000000000        0.0000000000000000        0.0000000000000000        0.0000000000000000        1.0000000000000000        4.0000000000000000        1.0000000000000000        0.0000000000000000        0.0000000000000000        0.0000000000000000     
   0.0000000000000000        0.0000000000000000        0.0000000000000000        0.0000000000000000        0.0000000000000000        1.0000000000000000        4.0000000000000000        1.0000000000000000        0.0000000000000000        0.0000000000000000     
   0.0000000000000000        0.0000000000000000        0.0000000000000000        0.0000000000000000        0.0000000000000000        0.0000000000000000        1.0000000000000000        4.0000000000000000        1.0000000000000000        0.0000000000000000     
   0.0000000000000000        0.0000000000000000        0.0000000000000000        0.0000000000000000        0.0000000000000000        0.0000000000000000        0.0000000000000000        1.0000000000000000        4.0000000000000000        1.0000000000000000     
   0.0000000000000000        0.0000000000000000        0.0000000000000000        0.0000000000000000        0.0000000000000000        0.0000000000000000        0.0000000000000000        0.0000000000000000        1.0000000000000000        4.0000000000000000     
  
  -4.0000000000000001E-013  -1.0000000000000001E-015   0.0000000000000000        0.0000000000000000        0.0000000000000000       -0.0000000000000000        0.0000000000000000       -0.0000000000000000       -0.0000000000000000       -0.0000000000000000     
  -1.0000000000000001E-015   0.0000000000000000       -1.0000000000000001E-015  -0.0000000000000000        0.0000000000000000        0.0000000000000000       -0.0000000000000000        0.0000000000000000        0.0000000000000000        0.0000000000000000     
   0.0000000000000000       -1.0000000000000001E-015  -4.0000000000000003E-015   1.0000000000000001E-015  -0.0000000000000000       -0.0000000000000000       -0.0000000000000000        0.0000000000000000        0.0000000000000000       -0.0000000000000000     
   0.0000000000000000       -0.0000000000000000        1.0000000000000001E-015   3.9999999999999999E-016  -9.9999999999999998E-017  -0.0000000000000000        0.0000000000000000       -0.0000000000000000        0.0000000000000000        0.0000000000000000     
   0.0000000000000000        0.0000000000000000       -0.0000000000000000       -9.9999999999999998E-017   3.9999999999999999E-016   0.0000000000000000        0.0000000000000000        0.0000000000000000       -0.0000000000000000        0.0000000000000000     
  -0.0000000000000000        0.0000000000000000       -0.0000000000000000       -0.0000000000000000        0.0000000000000000       -3.9999999999999999E-016   0.0000000000000000       -0.0000000000000000        0.0000000000000000        0.0000000000000000     
   0.0000000000000000       -0.0000000000000000       -0.0000000000000000        0.0000000000000000        0.0000000000000000        0.0000000000000000        0.0000000000000000       -1.0000000000000000E-013   0.0000000000000000        0.0000000000000000     
  -0.0000000000000000        0.0000000000000000        0.0000000000000000       -0.0000000000000000        0.0000000000000000       -0.0000000000000000       -1.0000000000000000E-013  -4.0000000000000003E-015  -1.0000000000000001E-015   0.0000000000000000     
  -0.0000000000000000        0.0000000000000000        0.0000000000000000        0.0000000000000000       -0.0000000000000000        0.0000000000000000        0.0000000000000000       -1.0000000000000001E-015   4.0000000000000003E-015   9.9999999999999998E-017
  -0.0000000000000000        0.0000000000000000       -0.0000000000000000        0.0000000000000000        0.0000000000000000        0.0000000000000000        0.0000000000000000        0.0000000000000000        9.9999999999999998E-017   4.0000000000000003E-015
